lastAccountName: '721945'
timestamps:
  login: 1616104350220
  lastteleport: 1616084335186
  logout: 1616105087731
ipAddress: 25.87.181.85
lastlocation:
  world: world
  x: -474.14043645179277
  y: 80.9375
  z: 172.80570279154355
  yaw: 347.2655
  pitch: 11.237099
logoutlocation:
  world: world
  x: -475.5319819032669
  y: 90.0
  z: 266.92500001192093
  yaw: 96.940094
  pitch: 22.314796
