lastAccountName: jommyX
timestamps:
  login: 1616072196818
  lastteleport: 1616078277636
  logout: 1616078286132
ipAddress: 25.87.208.82
lastlocation:
  world: world
  x: 495.5
  y: 64.0
  z: -2115.5
  yaw: 185.31297
  pitch: 15.296898
logoutlocation:
  world: world
  x: -492.5
  y: 89.0
  z: 262.5
  yaw: 59.884655
  pitch: 18.98029
