world: world_the_end
x: -1829.8001806315722
y: 142.0
z: 238.87406762785585
yaw: 67.663574
pitch: 12.990757
name: elatar1
lastowner: 2e08b4b5-0c0a-395e-b56e-8c445b0edae6
