world: world
x: -464.3939695298568
y: 60.37594148739198
z: -1280.2295660472848
yaw: 166.81659
pitch: 35.2205
name: Gradiant2
lastowner: f459db54-a7a3-313b-af3d-c15b829fc584
