world: world
x: 607.3899346769109
y: 56.87271120802213
z: -479.85868363056795
yaw: 120.79659
pitch: 75.150085
name: GradiantSpawn
lastowner: f459db54-a7a3-313b-af3d-c15b829fc584
