world: world
x: 120.41110935332351
y: 55.0
z: -312.56137339006455
yaw: -73.36771
pitch: 80.84991
name: gradiant
lastowner: f459db54-a7a3-313b-af3d-c15b829fc584
