world: world
x: -402.6356543125715
y: 11.5
z: 274.35910024123734
yaw: -181.05096
pitch: 8.044758
name: mine
lastowner: 2e08b4b5-0c0a-395e-b56e-8c445b0edae6
