world: world
x: -233.30000001192093
y: 48.0
z: -1210.6392029153799
yaw: -285.9438
pitch: 38.99897
name: ocean
lastowner: f459db54-a7a3-313b-af3d-c15b829fc584
