world: world
x: -492.57818115466364
y: 89.0
z: 262.68742168173816
yaw: -71.18005
pitch: 31.199917
name: Spawn
lastowner: f459db54-a7a3-313b-af3d-c15b829fc584
