world: world_the_end
x: -81.16074351020451
y: 59.0
z: -66.69493759369884
yaw: -27.268234
pitch: 35.621883
name: theend
lastowner: 2e08b4b5-0c0a-395e-b56e-8c445b0edae6
